73935
4635
31761
14526
4563
4477
222765
29728
12414
253561
5716
8437
23155
370360
50164
130483
240017
370424
29857
43539
30692
370581
21285
233299
3239
5722
233197
29873
51088
230076
370618
201098
174915
129458
23030
369036
1698
178135
154408
29922
2393
184464
366294
289227
74284
22289
29725
12425
25678
28669
23194
74208
49075
370524
12612
184722
6071
201568
370514
108852
366273
111192
158750
135206
3374
247330
4800
275707
40195
2605
130525
3425
259268
135228
220454
366258
22377
39889
205957
266299
370680
249398
368523
41162
279712
373328
228269
201118
2014
82989
3477
240194
228270
3426
24579
2986
369041
201119
193658
51221
6036
228218
209148
221494
4565
366325
262657
35409
2717
4596
48156
262846
48383
370677
34832
4747
270988
15403
74317
45313
2987
159828
5109
202567
2394
3241
191577
26830
184600
4478
19634
27115
692
30555
189244
153454
368540
205275
235600
4801
23236
193437
288994
207930
193436
370612
240074
279702
129711
129710
220230
366400
21258
4566
284487
202477
221520
370545
259714
240059
8832
197014
373604
2961
3035
31839
42190
202417
265167
21377
159250
159251
84564
23042
270801
373584
4859
5572
97110
3893
3589
184586
4479
207925
154392
4802
2900
194208
279612
373715
142354
220283
201176
126193
205386
275254
159084
25562
270993
175128
10670
130530
136055
23245
244691
15135
197538
197893
121158
2395
2396
2397
185054
109739
201209
4103
218001
217967
4568
222857
177584
47281
202641
220498
228262
202414
368989
73566
271137
19661
184726
3375
204997
970
229968
2493
253573
193404
366381
262840
221551
23195
1036
1066
370634
50172
39923
218081
373506
215082
150826
15384
87334
201250
373500
146595
202622
2019
9769
184760
159110
116740
3961
74329
271218
4208
289216
205409
194119
366470
19761
49062
41148
45833
201218
73937
247522
5596
253579
153457
74522
26382
35326
193599
12943
24560
130976
23184
75353
132127
247184
130813
366384
39900
247297
241990
262863
2607
39667
29923
34865
265410
108886
370613
5110
271156
369042
369053
48074
3100
74231
3036
3016
270826
270962
369017
368974
253519
107427
220540
249663
5711
208284
1558
2145
23171
26592
201820
3570
202626
2936
74422
202501
45276
31819
121248
184533
84424
1828
197531
29747
132106
186613
198302
174817
154350
240156
213792
240014
48194
137931
174842
262858
234737
208255
24634
3376
49012
184604
19883
21024
19749
158772
201190
370822
74201
3428
136048
292964
5735
25751
22984
240010
202565
30569
198356
247370
51375
2399
233055
205409
2665
2611
270996
373358
288878
35079
29861
129479
48116
373627
220573
202604
201220
3326
51613
135262
130553
51610
220482
198304
30747
201824
185703
373352
197890
107689
369063
366461
25689
221570
50291
249396
21390
21401
23099
96951
6147
25629
194969
205399
159736
247535
3633
48588
4535
118901
373544
19741
23146
3275
184605
107277
366312
83531
366299
218006
135485
136049
152648
271166
600
2021
19831
2666
214061
212636
2323
209401
9764
83471
193397
239965
206354
139480
135267
3609
222206
74227
368985
5612
51131
41156
205264
202450
368507
74441
221284
50451
45216
24569
4108
370819
74417
107307
240040
159769
129135
368483
3429
366465
77925
370431
22955
81989
51634
370407
46714
48916
2551
87977
368991
84709
253683
244731
4804
89102
201272
370419
19726
2855
279991
50509
205054
170995
89000
197892
6573
29303
83928
48597
159395
39505
23219
4508
135429
218055
202520
2023
2669
221556
2325
205486
253582
271148
25943
31763
142359
157915
45373
4538
83012
247536
180509
107306
373354
202638
201140
27245
3243
189270
239983
262845
214040
370442
271095
83142
35891
202573
126218
201122
373642
146751
73939
121189
366435
368997
89006
247371
373389
366413
247373
201257
10549
291507
4429
202474
89018
5113
4176
373714
107373
370396
249667
278074
184534
373603
278255
107537
122123
15249
15251
47599
107340
179607
202409
88965
292751
4110
370642
220455
5564
2613
5848
370816
19723
5633
47219
262702
39868
369009
368486
23012
29927
247185
2498
89099
13112
161291
3734
368953
197024
366291
19745
4509
45279
370353
89068
39846
9890
201290
175143
233253
244246
12406
205002
145989
10621
21099
184589
9730
2026
193633
368528
184761
5114
129496
24635
370454
4430
370661
15179
3431
239990
201560
5115
8886
368490
19574
43557
262873
9778
5116
270455
220302
369080
271120
213771
158688
9783
4331
370696
10555
191096
201274
262705
31797
243211
34403
184762
2440
16448
177558
13806
191061
366304
126218
220049
205421
44491
29904
30564
29959
265166
245195
107258
3529
271205
214345
36429
108930
4930
369063
74616
261322
109672
366308
46620
247202
201147
77140
292748
208218
240081
236460
262706
108832
24659
25655
740
370755
202627
80292
113529
157393
5118
36410
193970
23134
19095
4691
249689
205382
146172
243485
201135
185064
184777
234444
47226
370531
29727
218061
184607
193406
19115
107310
5858
3280
194340
48572
153433
198301
97219
3068
11195
3037
6050
45245
30005
21143
368982
19832
276198
1699
259680
23173
151060
152065
96969
31837
19620
19725
278058
1562
129497
30544
177545
24567
106639
370666
198524
2027
220195
202600
220390
370373
9747
29905
39678
288995
29941
215073
96907
158683
12359
27173
217977
12445
12449
12446
12448
12447
247538
2937
373521
373317
159823
226721
226735
370411
31868
118925
233200
10593
29978
195402
205958
370637
259205
249682
370659
5121
202596
73565
262829
87957
205384
3434
5712
2615
603
338441
2265
3435
158903
23085
373332
15849
74186
3245
20456
9741
29899
83021
31444
9746
290524
9749
9667
15444
45863
242511
121190
15768
50156
49097
24680
209714
4431
135254
88803
45431
213808
3282
41161
4511
19551
89064
265373
20381
373561
2719
290542
46046
135279
47446
106630
270786
126204
29720
3436
21170
201323
126803
3530
220273
39615
34368
24643
135244
904
74327
370490
201252
3659
6168
253619
2499
5824
5763
5770
366468
175142
74598
370653
109690
243489
43541
80500
201127
1804
247375
29883
5692
369029
19873
50198
276207
241980
83822
262844
152604
184669
4251
3329
5718
288877
109673
19847
25899
136156
79115
49050
240006
89089
152092
189653
89037
44264
26791
209158
109718
46618
45491
207927
220649
247545
2826
253635
366408
83034
30762
4453
2677
4600
121123
146581
140209
23089
290528
23001
45456
241854
247164
175042
226591
247539
4255
338442
121243
278252
34397
253565
19665
9748
130521
373656
41146
15881
34473
87991
271220
89109
1829
87969
201185
213756
373407
189237
243492
83037
114909
179437
27714
49528
370804
87995
253606
97194
50159
240030
184609
195626
108801
2032
142032
108914
5123
180272
87923
244249
19163
193475
139688
3437
205936
80255
159089
194341
212252
129590
366420
5768
5125
5126
40540
213775
1147
202411
10538
183053
122121
6051
19122
202543
230070
5127
190161
88998
2678
373513
153151
213805
159257
209408
202611
83807
3748
202497
19696
2938
19663
4644
244680
193625
3735
230075
370630
214043
233080
183054
197874
134757
121159
153966
253524
10628
262830
202437
249406
174800
253639
178091
40129
121140
83039
74132
280232
193500
74480
19664
34278
366255
174789
110536
80281
205328
19616
96918
253699
12505
157423
2149
19885
214029
129512
245198
177520
277990
228253
1564
143380
107285
146060
253716
240042
34225
19752
12432
25936
25863
5131
5668
39883
39431
83903
220297
23074
40058
40059
3772
39926
179426
129480
4214
196993
4257
205367
4215
373318
202582
158103
259265
19746
218582
213806
35170
370446
180416
50514
262867
96961
129909
369056
190394
370439
39701
96876
205049
5742
30012
45459
46035
23008
270466
179621
194127
47445
97215
6085
271193
30763
180322
6062
34400
21137
230767
1732
227091
146079
227075
262841
226729
2617
262874
237020
226889
230627
111049
226881
227071
373542
220003
193447
240124
23044
3835
159840
4601
15404
87329
39919
19575
88786
79229
373660
3380
126169
202533
270798
89035
202517
107346
373360
221552
370456
122423
370538
12503
1068
46727
201253
79094
184612
368989
240202
25938
209149
25822
197023
373504
121155
370782
89017
20368
3613
370596
373329
1712
26414
185143
21322
204979
118892
87922
15825
108919
1150
209400
209033
43563
222734
370734
126211
370675
39485
213749
43548
218067
29793
30749
222773
126812
373525
4648
124080
35924
158747
51222
26691
74517
220139
43602
130635
189255
3483
126419
194679
26848
220393
26837
369003
1521
5839
48139
262690
4810
74359
292976
26782
229988
370381
370492
368495
39556
247158
74202
22956
45338
83204
41142
370477
184537
26629
159754
3614
240207
34402
202478
2098
221516
139727
366300
262854
6087
270793
4573
369039
97193
366268
29955
10560
31798
214055
153169
368506
3381
49060
44335
45141
338453
46423
46430
249365
29884
1749
6631
240087
373623
83051
12442
5588
39822
217987
4380
23046
45277
239977
35076
27178
154160
129521
6528
132228
29916
1830
1831
3531
107435
20574
135223
13152
107464
29826
373537
189229
193444
1153
118872
184614
185062
278060
201166
202628
227291
221522
180311
30545
238328
5800
88816
15431
271168
24596
193519
276498
240119
178137
287341
10626
201210
30013
338454
240147
3615
206068
4542
237359
23055
370546
233043
24615
10656
184615
253571
9690
205046
373351
10658
116728
270356
107373
202511
24631
30561
194927
228265
275720
107375
265389
368518
366379
50210
79151
89040
75401
370726
27251
26422
278196
270461
370732
184616
3591
159124
122455
201317
43573
208226
159090
271209
366473
369096
369058
366270
87981
247377
146733
45480
4432
19576
153311
41157
369089
15151
46084
247394
134749
8446
87917
3484
201162
259701
180115
201133
106636
129022
43540
22946
230082
4695
370796
13136
190171
218072
253566
370527
209015
35344
370818
40128
23000
83058
74128
76971
292758
202635
373557
207926
213765
45473
23011
198168
236908
4657
158689
45864
28810
31824
370616
108814
240072
370748
201237
27137
202485
22969
245196
3487
29917
159299
373648
154163
87925
6114
23059
87921
140206
370783
26423
21303
48571
366367
15168
370609
40197
15397
370699
288992
3749
87332
205379
5846
8812
5726
179544
9895
9894
220152
135243
370387
5723
97221
107428
369089
4513
270854
276208
265374
1832
1037
370391
180616
26734
373362
220473
47165
243468
373634
15437
143024
44400
45155
46427
221523
369061
249716
370537
26618
202532
151079
193635
23218
26840
154003
253544
179587
74325
4216
14580
270463
205425
270354
247513
240008
15365
40196
1477
153036
5105
88945
158774
3638
243213
48159
184618
247395
24124
13021
21203
25932
25862
202482
2681
369086
249717
2915
220098
31826
289215
240135
184703
87958
205109
240138
24678
233077
25438
73943
4697
370577
88943
19772
110501
136207
202542
2618
159729
4179
26810
184478
29977
1569
26404
15183
366382
265397
184538
73571
84541
29918
29769
97238
1288
152710
4756
184776
2555
247315
270987
270467
3289
202524
88799
4602
209042
43592
370393
46176
46155
370394
243442
151155
193495
80243
139692
79205
201304
25646
4758
194941
244740
249407
193492
193398
198312
253545
370376
191373
49101
192221
184619
146087
107369
32919
3661
202432
201832
21382
209112
23142
370681
3248
184620
3685
142004
212241
370551
373649
14686
1906
184709
6146
5144
4760
34763
9669
159030
19679
158766
29862
136215
29703
3663
4603
194949
190414
4604
10504
89015
370480
4575
49430
151979
8825
35514
15175
370769
278194
24616
39612
157975
234430
4660
87594
50129
8846
107445
157199
87598
108842
159830
3534
226711
10421
202480
184621
2152
3335
184622
82973
370549
13097
31810
370797
15355
83076
81998
233060
22881
45478
51115
24557
146583
189901
74312
366411
369009
270456
247426
36414
51160
253552
143732
33697
30547
29571
25568
1611
3710
74546
259723
74275
87599
87599
2153
184730
2504
184741
271191
370575
6163
107259
4698
26590
21276
137913
179431
290527
4606
276300
194939
184718
184731
41135
271114
22997
370694
2723
87593
1787
4046
108788
189006
3336
265414
80526
175138
179618
10543
159300
129541
110507
3003
210153
136192
220534
3750
142036
74144
218073
247415
124047
97093
368505
24586
4607
24553
22986
214364
208273
83079
370462
244737
366444
84065
270462
159091
74399
29885
210143
25931
275257
193405
189378
8823
201578
190396
23120
265393
193479
247345
5819
240134
210235
4663
21036
370384
19703
43595
29849
49440
202492
79155
19765
3711
83791
197881
21392
21035
73936
139449
253553
73925
143728
152087
205348
73966
45869
373325
6061
41165
373576
106531
139685
139435
368475
193869
259666
262696
259266
290536
114908
1571
25945
16454
26436
27602
201275
19812
5598
10599
792
21063
202549
5542
13191
146584
201276
21260
2558
5148
369042
15229
74300
1345
184643
277824
275263
202529
1807
130699
16623
124748
368962
3072
44220
373686
147411
146170
19098
8867
143683
151118
262687
3491
240131
129544
189629
121137
16625
75402
338405
45451
108892
262857
3906
46108
41169
237360
1572
109694
270736
247152
107681
15763
198362
3664
373703
84373
51617
19639
25664
209113
111203
28011
29724
279709
4456
126131
15184
1808
83884
6504
153446
370438
39484
4664
201169
1481
50272
368510
220521
157200
275259
370367
48073
108893
10425
108880
22970
179562
5184
179439
46159
12970
81991
84066
146171
4222
180609
292753
201277
1809
151149
159836
15853
202537
108877
221550
234736
189236
226588
34929
146753
290541
262832
373397
370715
247407
4547
188974
74261
74451
83438
159147
198170
50117
143372
247378
130379
158753
16622
366386
74330
116733
29767
83912
153432
368544
15201
22290
368536
84672
50539
373514
234718
370824
24642
32921
19613
4051
34214
16440
87953
45238
201137
107264
29863
29831
83086
220249
24606
271145
373501
240162
368991
208999
15127
83602
4875
237366
83677
210233
271225
32396
9759
21139
270849
153481
3639
39503
2726
202464
158764
158692
24552
21391
5152
132227
6120
130542
21341
21348
5806
179605
228255
4485
221106
45467
146447
370633
21368
222766
51631
35071
83699
189147
19737
126294
4609
247300
74400
5157
226758
15388
184573
282541
3617
106428
45138
159092
292750
2506
366336
146166
19826
201278
230083
159755
205068
3640
3109
373625
1404
157431
46577
14547
292761
24676
184624
108904
202493
193512
201292
178016
74318
2685
25893
3294
2341
370712
9850
146736
19740
28805
19893
135273
3978
48390
265151
146759
74218
29841
213791
12375
96890
87336
9775
9675
366295
218051
2564
122059
201217
220031
4762
370678
121212
122402
43500
4297
213736
25634
205488
241981
184626
108895
184671
34889
184771
247514
249711
19848
366309
194374
205268
234431
370465
121181
39628
2686
2404
184580
122367
28668
108789
5710
10422
5720
26838
201211
373682
79244
28755
262674
87968
208251
48399
10654
4053
19742
193754
245250
247323
370687
253669
245251
26641
202534
46721
87940
175011
262686
202629
124220
201235
233242
89401
369095
108819
2452
83933
240021
368524
193503
121213
275727
50150
122094
109761
79862
19753
46160
207882
201792
74582
201793
74087
75364
74666
218004
23238
4877
210559
29416
13168
9761
9743
51070
214376
29744
158682
242498
9668
234698
23086
108838
13810
220371
4932
243486
240003
2728
240101
220052
275264
278260
201279
32235
96842
237362
220021
239970
338407
9767
370788
11303
158693
139477
130690
238329
366345
84504
136200
373566
366339
151153
175036
3139
370368
96864
195627
43623
373335
145984
153455
233056
369097
288996
184632
249722
121211
370552
2730
153439
373691
89027
366334
202530
368987
370371
220585
73947
139436
209043
370425
75241
370774
83597
194049
194171
214346
136157
22967
202516
158757
154394
129572
265720
205318
1486
1576
1440
1613
1529
146015
247420
213799
174939
4549
4821
9665
9666
157935
48215
202426
49771
15771
8902
220435
1954
135221
2405
205388
270788
3449
202584
5503
29417
9755
6603
25676
236461
44292
202479
366302
74668
373516
213926
34399
194314
205472
46061
265385
369023
292948
368960
253645
292950
292952
1007
126419
191597
202562
74475
3713
107395
49435
153138
278452
209045
25661
50927
39647
31788
25671
46051
74281
72721
370472
74328
192220
194105
243208
243452
39666
270960
35161
279611
247142
126159
3295
202597
146764
220056
29935
221288
193458
1577
194919
271131
1614
205284
1615
147425
83035
159825
220296
25642
24604
2046
2688
373333
2342
9704
218068
366330
3751
373337
83619
214389
270939
180127
3536
338390
122114
12626
49081
370776
201409
230792
194134
51229
4610
109708
34808
47274
373519
277996
366396
259271
179433
34209
366428
108905
289156
240009
193998
287335
270968
270957
193526
9671
246945
262843
214073
366360
369035
369040
366443
247277
271228
368956
107098
201284
193445
1347
51138
197872
107688
220095
129588
27169
36431
265406
366392
46464
240002
9670
189258
184548
230074
234849
158773
132107
107296
79219
83764
197787
3390
77924
29513
157394
253684
159230
2753
194110
234721
373587
197871
201242
75357
25490
4822
9751
366445
50469
4878
198165
12437
247360
6632
243440
209114
262689
26282
228267
39614
220010
96873
6104
19704
245289
370594
205005
109731
4459
1040
184486
4823
253648
130328
135255
74307
8805
2924
201291
145808
51182
122371
220959
4552
132090
19766
184549
50461
3689
244678
51074
207924
46059
5165
193649
139468
4553
3690
1617
209050
201281
244766
159748
193536
74660
24594
50192
150992
1443
201141
253729
271158
3593
3788
47449
184550
4611
158769
262679
2406
19768
139740
249974
8784
122438
290537
26420
1980
74465
373575
25536
5167
247382
47600
121139
19646
5785
12441
5796
5783
1768
5786
5169
5798
5790
369021
107315
210141
79204
220304
88818
132145
287336
19814
159177
121259
50426
177598
45837
366459
31867
241988
50439
96922
107387
190556
370817
116387
146160
26292
366276
79144
29994
4183
2344
129593
159148
366368
205226
159179
233201
240039
366297
84716
84716
79159
79110
79180
79098
79176
233237
19787
108879
77143
20454
143730
12942
3715
130574
210229
202547
5172
19755
19763
253536
51186
209146
205050
370426
213723
83353
152555
2572
247383
202588
370718
20369
29776
247316
139513
247369
48082
279609
5702
4881
74581
243257
46088
9843
143611
373668
370743
205037
220291
35167
247405
152963
122458
135260
8904
143381
129885
5820
159231
366423
270378
271150
159838
373324
113533
96840
23033
29705
234433
4184
159843
292753
245283
202494
26451
184633
159260
184733
121143
184634
218066
202145
213737
249384
184754
88789
175109
157412
152938
190544
109756
111281
5570
16449
366354
26447
146040
19097
3496
27164
370701
201199
2513
366426
159749
9774
50300
29828
201142
175125
366247
25681
12426
10515
136201
184717
1834
26260
4062
1447
146097
41163
122434
4666
373330
31787
202410
74041
265376
15211
141830
234075
205045
87993
48138
9788
262833
262856
262870
262834
262661
220546
370541
370673
2858
289098
50499
270724
193520
87924
49443
194363
35087
12957
184637
24624
3619
235603
9779
4461
107308
45394
220469
220459
21286
205480
107684
1620
3790
271117
48120
201264
51146
184635
213731
74049
84711
4580
205364
1736
193428
222196
158765
154263
29825
15376
29886
26415
265380
205074
84552
202572
88997
194349
19590
247347
243217
4706
12378
130680
19833
179568
213788
88813
220035
121199
178151
278064
370579
50147
45258
4707
142010
5175
151108
247332
41151
29907
175039
19546
45237
1488
292732
4882
72925
197880
185711
74609
19882
9705
45461
12358
4065
48585
193527
23235
373723
159763
202556
292752
241979
218057
3498
88796
45458
83413
212639
39843
292733
253528
368948
368995
253514
292736
4433
3499
205960
253653
370728
373316
227227
205015
9729
80531
202564
83350
26673
20203
9782
11356
1117
11357
244695
253633
270833
275705
212627
184638
122066
9739
4612
184639
2786
19884
973
26797
2945
46760
208006
5177
194706
240049
159235
24660
3341
49437
247547
282591
3798
1449
78981
126164
3595
9750
193743
137900
179425
3752
249403
80280
23223
202545
4138
159772
271132
222762
39559
3299
3541
3620
3456
74560
189272
29761
32229
34228
201198
49011
31872
214350
19573
3753
129614
3666
23144
373412
122451
193441
205346
19358
189242
25930
21323
373323
271227
198519
186320
113553
74157
74322
22318
97207
366466
240180
4826
107446
280221
29707
29921
202434
6572
174976
244250
278075
4581
184555
3202
121148
9742
366477
13171
253646
153977
152664
214035
201195
81702
370417
76637
6045
131006
21403
202499
2927
3038
266362
221521
51633
48923
369052
9758
259213
370557
36113
271177
184737
3081
122050
121493
1409
202601
194239
74573
87596
87596
75269
19756
19846
19759
5178
21339
143376
271093
159095
139404
1353
74259
2756
201152
19633
201153
188999
9785
2848
13821
73927
79080
2413
175026
29937
27145
45332
373610
247301
21257
26833
214359
373680
27591
233303
89056
193546
34467
270457
271164
366407
50929
13812
184697
24632
5832
270781
370595
29763
184648
29766
202614
370409
4556
2757
197528
171007
180612
39479
193469
370767
41158
34768
249369
126139
205929
107557
5180
240023
107680
87954
233298
218028
205401
157971
135242
4708
4709
369066
48378
46142
135277
49768
11377
2468
47586
197534
74232
233728
9760
19867
205008
107695
107686
205018
204993
107697
107699
205013
205031
19706
46733
22953
202429
15364
202455
202483
174818
46134
292976
124471
29704
201205
370398
1411
1625
202425
74571
2225
8808
220182
214362
48108
3920
50320
151139
14481
88952
193463
113567
45361
201121
234704
3694
46109
23088
247337
370528
240086
3457
41147
121495
373651
34208
370795
201837
370658
235597
205961
205035
5615
2470
159832
6049
43727
10462
368485
3255
29866
34756
212709
370652
212239
2787
3994
247416
193489
113521
233305
201207
45430
34405
373368
129627
23170
113513
184559
370529
292762
80532
43605
74360
9771
50207
369071
130332
373629
241982
242539
34775
370562
5717
194975
4593
243448
5756
197889
129912
153147
193549
126186
19617
226905
3396
8817
19116
191388
12386
176441
193518
210236
368965
97116
49829
141959
366377
2578
179540
370521
205319
191591
179591
23102
41155
24550
111259
19594
3922
19748
19854
25944
373704
3597
180352
338470
29859
276205
121163
43559
213740
2292
51101
4615
15819
190412
222193
220569
2414
30560
249394
25870
279615
3543
2973
271152
253592
25563
21356
4487
83159
184773
189269
201156
39571
74266
159264
72727
241831
228271
23009
15439
146750
73955
79133
4710
25567
122324
24578
202538
201260
4435
235193
6154
26788
180159
220162
370568
3500
3501
3257
182609
23003
74158
122349
175249
197005
26277
220529
373579
366286
186615
83921
15203
282537
74430
74006
370787
230072
177543
191371
2113
130689
10547
198393
178560
366358
253598
3204
236481
9712
233297
25825
221193
29677
15129
205316
179584
5183
240095
146053
48191
270743
204977
21324
366320
247384
221554
246952
180620
287329
4933
369038
88821
39451
6165
4713
11398
189904
89406
130714
2636
194106
10466
2637
215103
6167
247154
212633
27080
146742
158759
254134
84671
368957
239966
15158
230066
36114
366373
20844
19894
19754
19850
45275
366316
158771
139663
1886
5725
30008
184747
373699
45191
213812
43733
2833
25979
184650
23193
8862
124034
50449
221214
366476
135272
8448
150810
191316
109763
193547
107320
202453
178097
241989
74388
140193
370737
106568
207883
366340
79179
74665
129644
3926
29746
238572
27171
370509
5186
366418
3349
4229
6076
5187
3859
370711
266487
191324
45304
193403
191323
189228
21313
201311
236459
14584
2473
75248
197532
233078
218085
175385
88982
241853
46424
338452
209044
108894
368980
46715
158756
9787
174796
130316
373370
212635
338455
190401
88807
194002
213819
4770
39421
74555
9765
193878
152106
24554
159307
153973
214068
12376
19681
74304
3259
39466
3225
201288
43555
122122
218340
184560
10650
202578
184698
9745
19568
34777
39449
142014
220522
190413
214071
253632
253636
107096
88963
227286
159308
5101
3695
129716
4303
21345
4618
21117
5107
21349
114914
370444
370604
370437
184988
29972
212716
46000
247515
87331
373344
19554
109733
193497
31811
15235
19878
220143
2734
153441
45412
222709
157403
116391
89088
136514
222933
141943
73907
240065
233239
2351
35171
97192
179614
29745
222863
369049
29743
34234
152903
135259
3670
213725
368498
36433
5192
15854
30010
29795
220570
373609
1702
3574
50538
23031
121234
73949
212634
629
630
74323
208248
631
632
633
88955
31740
184727
366430
237012
15228
22298
12490
130614
259677
366327
45335
39377
287334
247410
29788
107553
233070
368988
370733
265134
20410
118888
73945
50527
218039
47450
48049
215114
213757
194699
15435
202518
10565
146746
366401
121141
2522
159831
79188
262678
126156
3645
111058
194976
204978
34684
2415
202412
74286
143388
220545
29995
5663
193594
210152
83182
3400
26410
240076
4307
765
129655
370802
184779
3146
198357
20222
4524
201840
12998
25592
4232
207338
80527
184561
45298
249385
179423
193467
139693
27136
240187
194223
48589
46055
247155
74326
25635
183011
107685
3621
87985
194977
214367
207104
29971
146161
84611
197529
29952
370719
74578
46172
247541
230789
201158
143731
107374
46037
51183
87601
226878
212637
373401
31854
260991
26691
75334
78991
184700
246947
220386
107415
193487
157414
49770
338410
51178
210226
107517
209289
136045
180346
50413
190411
158694
292737
130564
12408
4835
136283
45224
21262
3206
25633
75265
8809
152844
29902
198180
233050
1415
32208
198296
152579
46076
74100
201214
97099
73959
24686
230067
26478
205297
5176
3506
125874
4437
74337
218040
373713
373580
189922
202521
6151
6098
6048
2480
6124
6072
370763
50484
183018
175102
220461
259279
174892
175061
202603
247350
45396
132219
259711
247338
74206
29721
154164
369002
107328
107445
22032
183007
193517
80251
74235
4269
233042
3177
288937
74146
9772
48385
366261
43543
88817
197016
6115
174831
2417
153475
366375
174886
5784
5787
8814
5795
12352
5791
116747
5782
15142
50158
193877
108795
370751
15796
25641
74423
22988
190417
74607
114902
3007
11427
373646
373619
373553
373406
373696
205384
23187
9752
210239
26852
19547
4891
247161
22945
74512
80241
247283
366436
369078
369079
366479
247285
97206
12980
240052
370460
159135
194923
24613
8899
240050
23202
81986
24597
25816
253680
135282
22061
23070
29868
46089
270834
271201
33693
89044
202488
34394
292759
205003
126212
9781
46012
370812
21375
153165
370354
130638
259281
97105
14564
212243
75340
21302
97118
19886
108862
184742
191081
210234
47930
4492
370448
122091
109721
21315
22301
22031
22035
22028
97217
29992
249662
43604
159267
270955
366324
3721
249975
8816
194216
12415
135248
83730
6113
80291
1492
245197
74179
370798
21060
370408
26747
29749
136213
15234
3262
373405
9709
84697
3722
201296
373507
4620
46027
19644
29940
130903
240141
39629
370540
4893
6044
4979
43581
6047
109755
5614
4493
193528
205331
202509
108874
370481
89090
83744
370487
14581
194915
194703
25953
87992
83199
74238
220235
184775
129900
21149
370395
30014
132223
221553
74496
373722
151113
370383
213797
23226
209132
159741
121121
4438
4621
23231
184564
207888
3544
214048
12945
4623
209142
10677
3303
26281
218058
210136
218015
369054
2356
39433
369099
234720
240013
107279
3624
96882
4935
79132
40537
29882
21049
124066
169975
213742
213744
366450
25657
197533
253581
129883
83556
159406
23153
129679
373533
5766
35088
370808
12365
25859
202613
26835
45486
5608
25890
25889
25886
25887
25888
369069
202612
22958
89397
45450
107379
370601
108926
72681
74263
10587
147427
3352
247303
25941
271211
146766
39504
270468
191380
244313
129015
136211
124470
5202
184661
373667
50119
369013
233054
5864
15259
209117
202566
49047
2175
19888
152159
26658
2299
5662
1055
23198
159242
214034
218050
97117
4717
21400
271122
366233
48595
180602
96931
6141
249714
271136
29823
10530
3402
108884
265979
158768
8811
74216
19827
373348
193565
29973
234714
193407
153464
41145
204995
220571
31812
26396
159215
136288
240158
366250
370656
107694
46465
202491
3545
3509
3355
118880
151989
34233
4150
9744
247409
233074
15161
83720
22990
107341
259275
39845
369071
22989
84376
197026
247417
107466
3023
338392
366262
10816
369024
139687
26257
49769
174833
209009
5203
146167
373626
108812
31791
1760
218016
26287
89114
373695
206345
9777
48163
107254
80242
159311
74554
270794
366296
214347
24593
40173
21050
159269
4496
46582
116727
107338
33691
253738
141996
19881
106657
78972
152667
23143
39692
39697
39410
45975
39690
19724
74248
152034
146071
193566
176450
369090
247550
107285
2811
209139
19721
107532
88785
23319
2358
3546
34479
366393
10649
25554
226884
265390
5204
159398
19834
369073
911
205067
370512
159243
373365
253568
247364
373356
197891
370686
370397
12668
34390
292739
44290
205405
157397
373669
370714
1455
74500
179440
195635
197407
194007
195572
198392
180448
197406
198386
198401
87979
370644
197853
237006
292757
49772
213762
271238
50313
20431
271219
73967
253599
12422
12360
34250
214385
373663
146727
79158
177583
813
193573
1969
279986
233301
87943
5831
107358
51190
5761
135220
240169
159734
83220
222728
27179
238128
368493
253590
368975
368990
253617
97119
247193
253574
158691
369031
2708
213767
74411
237361
83680
10589
20409
233231
31598
253686
370803
275699
21069
15177
1630
366388
73968
370623
21402
36412
31764
184724
197537
370478
247329
373739
29808
2529
245288
5544
89115
222729
198395
3265
366405
209407
370412
370506
373725
9839
368967
27164
125880
4780
3358
193652
126153
2530
193605
270452
4781
43503
368958
244759
45845
6037
139679
2234
175256
5209
122287
12385
247423
50533
201161
8445
243441
15204
23191
205365
23045
226903
2736
266305
130507
6046
202580
368517
135188
152874
249400
47590
194936
6103
4782
202447
2066
2709
221558
2359
45184
152616
290288
74110
3548
1718
152158
83225
278256
189163
31741
21378
193739
129696
193603
373408
3461
3306
201258
184597
247413
152625
109729
80273
5818
21386
158108
154403
21046
368982
152619
205271
48329
43574
2180
247551
370556
209720
3723
288876
87919
14464
218078
10419
338471
74310
19642
26636
6541
1631
201269
75259
50293
369022
74189
2975
41153
4391
20357
136515
368993
3549
193657
96827
29723
158761
194930
4895
15216
15143
12672
243444
13101
247187
89087
5809
15154
373532
107375
152618
201163
48147
121223
174901
176444
174985
175043
175098
4783
189180
277995
29908
23145
113520
368978
22943
108885
6140
50213
10408
131007
24588
33698
48573
184595
3726
6578
10588
247517
2835
146047
275712
290289
1500
84371
19653
22316
73564
83132
1362
79125
276223
152836
132089
23196
284488
44401
25323
79863
280222
24685
24562
24576
24633
24577
24551
338457
24623
24614
83634
74532
9756
191549
126199
10496
201322
370469
34398
19555
253546
240185
247351
366288
184756
19793
3741
373381
121257
253690
12501
1420
259699
159136
202484
370580
253696
259689
259692
140216
368979
366349
97076
1761
10704
40198
259266
260981
370636
151114
19757
19767
21304
39663
159400
121217
51163
195630
240126
235188
29765
289219
29722
29789
209152
25939
48576
3511
184664
184570
8903
271200
2758
126210
158755
97072
74629
51080
153158
48092
29881
134764
3699
1133
202592
3575
370668
74344
15877
277992
194671
201293
89024
45217
249660
205391
74473
227287
24665
135251
253529
249735
139499
159218
3406
4937
126420
19700
22971
25591
184715
4625
370470
153434
247414
184516
136291
197770
8447
107387
41160
121247
96916
244681
2420
154005
370445
197536
158754
2790
87600
87600
227298
368966
21347
271142
240183
43729
25942
19895
1543
194069
222717
227528
184608
366439
83239
106625
83240
31768
1176
21150
195632
107275
276224
4897
142038
152988
10524
270731
4938
45492
222775
108839
6622
51132
5215
22954
24570
45197
4188
913
265133
3601
41170
29893
19645
220964
179553
176438
370671
157204
3360
4626
19891
19643
21381
21385
25750
24670
249389
4683
193659
370566
114921
87595
87595
74242
43506
153438
174941
174877
23078
186316
370710
373602
247286
202571
74277
245296
159404
4939
10657
190393
4627
48400
5138
146593
142049
3055
6086
184572
154396
366241
87931
247304
45843
23028
15266
15264
15267
15263
15265
174792
220209
189084
184989
97204
3235
262828
4842
4594
23077
30572
20209
4361
74640
152015
373652
174853
22317
126200
49763
220300
5816
8830
218019
51148
43517
29845
240105
240177
88811
338458
46568
202515
15262
121204
135241
49048
373517
1501
209399
1704
31762
21259
107534
185817
130816
21287
21366
3553
249422
24641
370526
265404
253614
270873
35386
249380
25749
249684
4843
45397
83446
23217
174950
40539
1741
222740
153458
247352
12391
240063
43510
49009
29706
136158
230621
270790
19655
271154
88984
74168
3409
3410
89075
34205
107315
289224
2364
201561
23178
5218
243487
129884
180134
83829
370713
270840
30573
194206
96888
2483
270876
243453
194700
253651
369060
369018
253631
271212
247388
209002
194972
370780
240175
3411
4898
366269
36454
15360
159826
75404
249666
202527
202481
82964
197032
197000
5602
8444
9674
202280
48920
205304
50145
369024
29791
45317
245194
97054
5755
22942
41279
23043
96944
83827
4725
366455
3513
30553
29794
177473
4846
980
3310
34795
194201
122073
136214
175034
152837
157433
194950
49764
228259
40127
220642
194147
4468
51092
254058
366331
5221
97233
130370
5560
75278
146178
30761
3236
24568
240004
27674
48582
159839
158762
185063
11499
366332
97084
178119
139411
74191
45257
3363
370631
28753
129553
74519
79121
288997
23091
134740
209119
129731
370707
79186
370654
19677
5697
370779
29860
373355
368945
370573
87962
373676
27229
213786
265409
217982
218018
217980
206347
194318
184688
370722
47792
122285
74415
130362
81997
9691
5553
270460
74127
214357
73948
80523
97234
136217
50459
243447
174867
270813
275258
179630
39605
260982
366365
370578
220047
1503
12949
222190
213738
366463
368963
247194
368959
366357
247195
23175
107532
29779
2128
25900
369043
25954
84717
202439
158760
83648
96889
373598
2184
3463
26407
15846
21270
22302
45358
373357
220387
29958
205306
175070
262877
221562
193614
122120
184667
29848
45477
19764
253622
220537
247201
366238
107326
34382
43734
15851
366346
29892
29792
366323
247197
5227
29293
26402
22891
4940
214054
46028
159501
6097
230762
290532
370457
259276
209134
240170
254119
12397
23168
26781
221496
3945
41171
208254
290533
194017
201784
12384
12416
74628
237010
130532
158243
370784
366456
373372
233306
5730
26635
197785
23179
191578
24668
15409
130708
19876
271155
157401
12374
108897
271090
5594
2536
2588
184812
184813
184814
184815
184816
2537
201794
3364
139511
270877
201183
247533
41143
48437
184574
184575
5472
370730
3700
45188
34769
3701
6149
184745
26639
35165
19550
19807
74174
205069
4275
238330
368535
368509
234436
201268
9776
74090
3946
190557
23026
19593
233048
3515
184517
129739
46723
184611
26822
183008
25651
48101
212705
366351
151150
3313
202466
238136
121165
177586
24605
265372
130369
35095
50288
179409
174951
174813
185137
174808
43511
3314
121156
74623
230618
9754
373618
44484
51185
3555
9740
193435
26732
106556
373717
49094
19597
1504
230775
239967
368515
89003
201189
73572
370645
109707
194714
74339
237005
178144
366372
370447
175038
153999
50540
191338
35169
122459
6121
280223
48047
136032
29814
29812
29813
45968
29811
6160
270969
213776
29810
292760
253534
3677
222175
220555
243449
178134
244686
220497
23189
4688
214076
139514
4469
74503
270878
239986
34897
26361
129744
109680
275265
4906
22968
201143
1836
21277
19657
1636
74372
29807
249394
262668
146089
243484
154261
74615
193474
3148
147378
2487
46572
201299
2488
4919
19871
185829
184710
5750
221557
45432
23057
190405
139489
10566
157976
139509
122079
136042
45847
39444
221513
109702
3744
26785
26831
4629
19685
80290
9789
31836
5607
270791
205048
46466
50162
249713
2426
370586
370625
370676
370635
370592
202607
193571
222730
19868
184670
20574
373343
26389
49438
40205
1722
29936
45463
13065
40542
41167
202472
88944
51607
19676
15862
220295
74276
20399
194361
45263
4729
24608
373539
21204
253682
31838
29897
270866
213726
97115
51078
40130
3093
2489
233244
23181
46558
29879
74643
370507
177560
96928
247292
212703
275718
201289
366427
107505
366232
157421
159154
191552
83281
184694
118890
247425
74346
84652
25663
4793
247287
159316
201165
109674
179534
129748
26288
13175
83819
213790
82000
233183
368521
207870
201300
9784
20364
73997
83284
152720
107371
265384
116730
75366
34782
34222
28007
197875
22939
206344
370670
159409
202433
5677
26349
135197
21357
366376
79168
134755
184674
36415
108923
373721
1546
21296
19892
21148
108804
262865
234701
370388
113525
35114
193619
259281
27583
3122
180345
3745
241987
23237
5638
368550
247518
129751
84694
143684
191360
370563
72858
197527
21190
220530
48214
5599
88808
265415
87927
228118
41144
83618
2070
30750
29796
205363
159155
24575
271202
146729
222776
249736
121494
121251
177551
2427
74272
3413
74315
107464
28749
83617
253512
46158
194070
3228
145799
87956
233041
122052
122053
121269
121205
26403
198179
270804
193531
6150
19849
292959
184522
79089
373706
373701
114913
41136
22999
74034
222718
36119
175010
265416
121255
107284
220261
80276
29762
253704
209280
214070
370471
48583
370455
201233
5250
126215
107095
205044
214368
373334
370372
146601
338456
29790
1548
130513
221548
207857
21101
27160
202579
74265
270369
220531
233218
370474
247355
205375
221576
270355
27156
4853
202421
25643
368529
271239
29953
31759
180618
209049
25748
31760
369097
370453
201230
151142
39598
39600
39599
39597
39601
46111
262855
254117
240070
23115
1763
373322
95221
49767
191355
157921
15361
30015
24651
107597
226561
3150
75291
31873
4278
10492
159120
221102
221107
9763
368950
21293
19720
197855
23100
234568
234715
22959
3367
3576
108787
83294
3651
23015
4499
159774
5589
189085
189910
2816
253562
3269
3469
202636
50190
46729
132071
10717
5251
194391
190564
205058
253681
373711
373734
373571
373522
247406
373560
5548
49055
23212
118887
126814
45836
106654
184770
240133
25832
243490
4401
74487
45842
210139
4471
79231
80285
370555
74481
25980
368491
262703
197866
189256
370459
83629
373380
19718
202486
29924
370554
30765
217826
214065
227547
21146
373662
74644
239959
159106
201167
4093
9773
135253
109725
201236
9757
221500
1929
1930
29759
122119
184676
366353
45395
152815
29830
230626
3370
370525
183017
140166
152904
50521
180596
184582
48915
146728
262838
50433
222732
253551
2190
25587
74374
373632
146024
139505
373331
4442
19111
8852
8828
4443
8895
12646
74652
129767
275260
74117
201303
3652
109675
107390
45460
220232
202675
80250
159201
124451
4632
39847
370607
108931
130338
240001
19615
338397
239985
220581
19811
368531
19569
3124
1893
1894
16429
3371
78606
129770
19635
23221
31765
2760
3653
184677
370641
74342
193448
78987
245187
189649
10423
129898
129677
373633
202470
728
191379
129012
220074
49053
729
9786
366318
23239
194980
213730
8819
202570
288934
249370
152552
373607
3730
159829
83739
369032
159410
74113
1705
136047
8883
25558
195307
74492
30690
3318
370706
4854
370432
48401
19762
21268
74321
5659
5257
239989
279713
159833
142053
233069
43530
3470
368511
370558
179432
142070
4633
5195
2657
366433
74349
21033
1462
3883
30691
278197
2595
4444
1869
1870
152075
366404
207864
48155
1725
48914
35464
46730
19769
36416
161292
247116
83302
247356
370646
242500
2596
190410
292740
193490
369034
234438
289228
108857
158746
3414
79196
11295
26720
292969
11540
8875
253550
2819
202616
192212
192223
48586
370369
370663
220026
373690
22987
31853
12403
131002
12148
197968
83304
270375
205312
129777
4322
243455
31795
45377
221186
121125
209156
25940
107259
3606
202469
370362
205376
227064
236998
110499
39450
253735
146580
202686
194232
212714
194393
205476
194979
222759
201320
373639
276502
239962
218044
370664
23220
370364
202446
3415
289225
369032
4162
208262
276606
193396
118910
26380
23228
202457
126420
210232
202424
2310
89022
29827
23071
369080
194303
49033
213821
48594
220265
158752
276212
5728
169977
45235
153425
338399
191322
143375
97114
74023
19114
208253
89052
198396
1549
146767
75254
253538
8810
153317
81979
220552
41164
227087
240097
74670
134756
46614
369010
366231
129778
202536
3153
259278
1508
253507
191343
3755
21045
262835
87602
373347
12398
50379
3270
366248
369074
51616
3556
239974
35922
1706
40541
205237
39427
193456
29934
373743
3218
368514
19829
19705
213778
26776
77926
247531
157416
24541
189651
46418
192209
189078
108827
265715
79218
194160
11549
157202
218079
3419
3954
31852
20786
74568
130494
270370
366419
201202
4472
26802
45493
287330
368522
227066
83510
45484
159247
12633
221105
9770
116384
23227
25918
74345
15257
220948
228268
220952
207886
220956
107569
131004
338398
190400
107431
4402
368472
9684
4243
247424
122366
4244
15393
3630
253560
240198
270831
3655
240130
51147
373640
249373
194003
79199
197870
270938
205313
194265
21178
50134
370366
5788
74515
5797
5789
5793
8906
136149
189640
2762
126216
1509
194922
83319
29698
247168
4019
19744
8908
36409
266078
136197
215079
3271
193400
109766
24662
370657
29989
5259
4798
45454
19736
16447
240149
287332
153012
198384
3189
49085
45479
370640
228272
73575
202262
175048
220023
10655
227549
183058
97120
205489
50414
240032
338473
23121
23188
370799
5690
19135
177571
34253
185056
175135
157426
373499
158758
213784
214388
46018
194266
4245
10596
198298
213777
184706
3656
247198
2369
220226
74612
39501
14667
3557
24677
271213
370400
370355
370403
370389
370351
30546
213735
150847
109677
97096
366474
121206
2195
220512
370614
83327
202442
29768
259204
174889
19853
209001
270855
4741
6100
5260
5261
9753
5263
373414
206332
206084
46053
236986
238144
236999
238145
238135
88991
373527
290538
270852
48397
270810
48105
15434
15218
369012
78963
110517
23130
15411
1726
49775
139510
23119
159757
153456
220502
109757
19619
2434
5689
230078
19809
157972
3522
74610
247130
180592
369081
205057
194916
14482
184719
221514
190187
19851
45333
369094
370488
4407
129797
373613
10552
10633
107492
271226
25320
32133
4944
73953
79191
366335
39483
19659
4474
158107
220502
366333
270807
5833
202413
202419
369004
368950
50268
108809
83994
34823
145991
152737
107551
83974
48328
369041
24684
4445
24681
48993
24117
3559
74219
2435
42184
113528
202558
146740
9706
74274
175115
7247
136141
4742
373709
23118
194383
197526
184583
247311
20219
366263
106651
271198
2080
2716
221555
2372
184768
206349
74358
202420
3632
10562
276199
204972
11573
370791
245291
24661
207929
23056
370790
158686
179590
83483
159036
366425
368967
21076
3682
197865
190418
287338
247532
4595
159320
373410
370628
39507
74130
194097
45835
45436
25523
184628
24118
139678
22966
159827
159277
3009
23318
2543
4799
184584
118911
47221
49026
158111
39841
124055
233240
373622
132222
24580
3321
83166
41150
184681
97203
209035
278076
3039
87896
247124
146747
39506
45462
226880
241983
146594
2139
19852
202591
118870
159751
40191
40190
39684
40188
31779
40189
193484
74334
278195
142298
15429
141991
227302
370532
1745
210137
19747
83338
4911
146762
243231
193563
130331
129808
45254
107693
237017
247199
45990
174907
370759
107413
114917
221524
97230
4446
373502
227544
50292
50346
3523
129810
15772
19132
23054
15193
25630
5629
191088
74331
338474
23075
368542
240019
183403
1837
8787
370672
142357
247274
262669
270454
5601
220580
212628
83343
74336
74252
222911
184585
235595
3012
373661
2084
4505
31821
96953
2838
194371
197037
13111
15383
6567
96858
197869
197008
370735
15138
132072
213818
26715
370811
209290
265718
207897
190579
5865
74187
220147
366290
184599
2661
370543
121268
145992
197160
159294
21186
50144
370738
220086
122449
1557
19667
153946
153427
202510
227222
170993
270856
113558
368961
96924
370430
198305
262675
198402
249411
43713
373712
96892
24601
3160
373543
89101
221985
370688
39755
1513
370750
249413
259715
75277
74428
159328
74393
78694
74596
77919
79164
75399
198360
193506
174963
373578
373590
373550
247358
193871
44747
201117
3608
74148
4564
22960
220264
19541
243435
6508
221493
221987
6516
6492
202452
201781
240031
10487
24591
174986
2258
202619
19584
158100
23224
214344
245188
366402
27613
49045
202651
157974
129913
152998
157950
184543
220644
207921
26409
220218
201265
370571
370576
29929
124342
25856
201315
134753
82991
201316
83276
84072
179538
25951
373396
130550
39882
204980
22296
23069
45164
82950
19149
23052
247275
230620
184746
239993
240120
184753
196990
32233
222774
253627
21253
247318
12354
220370
197009
197035
366395
370789
175141
266061
159321
201175
3960
236504
51119
177508
191063
373671
12387
158293
36039
35059
43638
33687
36453
373677
4748
197769
39530
42060
39419
44339
39906
183068
141929
14442
6535
159087
34465
126024
247188
270361
74050
51230
220242
87333
220078
247296
373740
249840
21343
204991
201177
106426
46129
205335
50938
46101
46130
39639
370510
50528
205336
370443
370523
370517
370753
240205
228246
370627
227405
174847
220517
82994
244828
201575
253603
253601
278063
48436
249710
2662
26360
121229
4506
122124
45194
213794
22931
373585
215085
159743
221112
21182
5686
202589
5862
202428
5769
253587
190420
207898
184684
370632
6537
271234
23197
25498
244685
366344
222634
369082
3427
373415
265719
3733
193511
4207
12623
205317
74356
373742
247392
205263
369016
25879
253623
114905
29965
184601
74469
373689
142060
153981
146065
80509
141822
151137
368476
3527
373631
366337
97107
226984
74251
22964
202463
31834
265723
132212
249676
132224
147407
271192
370533
271147
15261
373402
106665
271207
366448
48433
72921
208260
48988
209051
370370
43556
46081
208249
214353
45963
46175
184712
121260
110639
26284
3478
89096
159205
78695
239961
220380
243212
108835
43331
220539
247367
46617
74254
135249
236497
24590
270448
29691
132225
40131
129470
44325
44343
40655
130985
220145
82999
21275
43626
180608
136204
43497
108899
29709
39520
265712
180278
5584
45838
129473
21263
201570
4863
6137
370489
4481
205076
253556
265383
145976
201178
2868
184490
184587
84370
78697
74671
3324
111256
270972
97101
247190
107577
270795
265418
204984
220268
80283
9780
74350
194944
197402
83001
2550
184603
184735
121272
121175
159086
184757
2495
122056
3163
230774
205377
373720
265156
234722
129477
19558
142045
153480
152623
247544
29738
32915
29820
20842
19553
366464
369044
366475
244687
44493
205077
370624
201251
175123
188963
188975
34818
10574
2610
10578
29757
26726
87972
1516
109762
207899
3274
21077
4507
34196
201259
159208
205001
194316
142000
135451
9856
4449
201181
136155
108792
159728
118883
3242
236490
366347
366321
201836
73932
265399
220488
368984
3765
126015
96964
198394
193554
370639
19712
39430
21320
36040
259721
205378
175394
237355
50383
193523
153451
141857
34464
373612
3325
4749
253589
198364
177931
111225
44496
6613
201842
83002
3017
193638
2841
265145
369000
227080
175263
21308
96962
153478
25647
209048
289214
236457
29798
122082
122408
22948
22947
159253
4570
136279
243429
4572
22937
228117
79248
89047
36118
3479
13030
3528
201159
373583
139696
44334
205053
134739
74427
73938
96857
366414
39836
202553
221896
222205
2911
262862
221568
139454
194297
130676
42016
233068
214049
74535
194165
279707
247401
47224
5747
21332
201831
369047
151632
270449
108799
1560
259274
209006
84057
194158
370761
214383
15385
152705
370567
221563
213820
50212
97227
126143
23006
217999
83007
205219
233045
370377
83962
174893
289222
202687
3430
141988
39737
213793
179406
26653
121151
12462
19567
240178
370698
368954
44206
175100
19714
130715
373383
25625
369030
244252
79166
180267
5737
271167
205007
220373
29950
270805
26806
270812
240196
270785
192230
226885
159610
259705
191570
151098
73979
227061
39903
220306
243467
175117
368543
193538
130384
96836
45387
194255
44209
79113
174821
280298
373638
158901
370593
23139
19859
147428
124443
74613
15189
24620
24600
27153
145966
83010
23024
207105
11180
122321
19598
177500
220556
190165
205265
243464
126161
3683
243475
370758
158684
146168
139441
139709
140230
234723
146446
139410
197159
22060
153137
152974
26812
366370
249696
132229
4450
2612
209123
226582
39547
370801
32225
109697
44342
338400
373509
97229
366283
20396
34201
153102
373659
239964
121200
121193
121244
201182
369051
366369
247372
369028
366385
88992
205359
205276
152557
73977
189224
12372
78585
4638
249390
29947
124316
124040
338401
189915
271208
193465
153139
37909
24638
118876
45472
202445
15245
213800
184685
3590
247290
373636
3278
3634
146043
249383
74163
370739
152651
141829
184767
193442
370778
265141
189245
1475
15148
184736
73555
73554
73552
73553
73556
247298
45133
107327
202610
373730
368971
3610
208039
39742
122055
178101
205277
193634
159141
85106
46010
240208
265377
74249
3377
76638
6566
275256
15783
78687
74536
121152
205321
3658
13103
3432
3433
50234
96898
366467
97205
373620
50305
222770
139395
152668
74289
78600
271115
368501
39658
39545
39851
29730
39750
29943
39467
32224
32226
36117
282599
21168
197003
19815
271157
205423
140171
122360
191569
175072
26437
183417
42187
19730
78190
23094
39620
74489
5117
971
152033
45849
3378
135185
29914
4806
370757
249412
244670
10712
370821
15762
22936
189914
4250
275713
259716
244665
205041
208250
243418
185697
9762
74244
83612
369057
220220
5217
206357
270963
74236
159142
6079
3191
201125
5620
210133
88974
26279
176443
45306
26449
4639
366364
29783
89048
113614
6080
16450
3281
253525
222772
39702
19582
19690
19819
19698
19580
19691
139471
176433
218024
240136
48195
198376
213789
19865
126021
108903
373684
4036
5762
19610
25926
373726
174994
139466
271236
373503
222748
228257
42271
84380
2914
158767
234070
142360
152878
159834
373594
32218
279993
253654
130684
37120
87959
29800
265387
29708
29711
135261
34776
34784
29821
29717
31870
33690
29710
31840
36034
19603
205802
89095
3328
25853
25948
147419
218075
32916
29755
19798
373321
19800
202435
279608
262861
193440
218083
218020
218021
214360
218062
2997
370691
205026
145804
145968
143230
140345
3167
270954
2614
4808
230622
4212
370768
197021
4752
39469
210556
19535
227668
19777
179438
130582
270828
220225
74220
74306
21264
180516
9678
370823
74461
29836
110525
25362
121258
45985
74096
46096
29986
19647
19650
19779
130554
247374
243229
212247
48127
247294
201184
3635
373621
259698
110502
111066
159226
6105
366314
4539
234717
15199
23172
243466
142051
135439
4452
89111
5552
202625
5724
370501
3482
130522
221209
9766
202513
4870
1604
157928
177546
159612
366363
202456
159256
48119
222723
46704
202431
222749
184590
202618
46123
221212
370622
209278
207900
208287
26625
233300
208224
11588
4253
221988
132069
15778
113507
139492
366403
370553
174814
89399
45839
130309
21280
146173
201206
368533
87949
26371
47228
28754
45233
6544
373707
48053
265369
108912
24618
4642
29931
4599
97106
21364
370505
74354
15195
370685
373555
221291
184686
35893
4643
21395
135275
222767
222768
253558
31769
373366
214063
366391
47029
194150
247319
5129
8815
194063
48603
194270
24682
84073
282600
370667
110511
193651
213822
49016
366277
368487
194337
205419
370800
239971
253533
108910
142034
10595
201408
19715
202640
5128
270871
186322
201129
43529
10601
368999
370544
87913
174960
370495
247191
366389
276475
30659
15770
146009
157420
373588
5665
134758
157285
19713
159402
27249
26640
29878
373345
240027
5130
4213
109748
189903
74032
4754
29754
46078
21165
157206
157406
74303
220378
19880
45127
22934
15814
201130
220069
201131
253739
3439
366319
28670
42172
106668
159770
270140
25837
83042
277991
230779
5106
122487
40653
146051
373409
39425
75258
220113
253730
22963
23320
107336
3283
240104
366452
25637
178121
42033
265411
270836
214037
3246
83733
207901
221895
142068
10533
74671
6606
176429
201563
159123
73956
158763
29850
75262
126177
114915
202550
205107
370585
174935
189081
205477
107353
107507
107312
194926
197022
270349
159298
6553
20380
25640
20383
20183
236479
84114
106631
15358
24657
122049
209111
25838
82942
366251
370413
271217
240153
3901
270368
42077
126012
4647
180334
194217
191312
46136
209011
209000
207865
241986
12435
19559
39523
39717
39705
42053
44504
45139
42278
43625
2965
8785
141851
180614
6091
4649
4650
6081
4651
4652
4653
107288
5135
6094
201134
113518
44311
145801
193558
39711
175085
19855
373371
242532
373664
222118
253640
270970
240022
111046
27250
373350
179543
247359
222194
205322
24599
194948
159816
373593
157288
180622
221518
366254
80522
191540
370775
83420
202143
233065
74003
193629
35249
46023
84703
366278
290529
198372
47223
116743
214365
373577
31771
184477
370569
141981
122057
113506
4258
159396
142352
19621
22895
45285
19821
19866
19623
22026
12411
12353
44329
39707
21251
108803
189646
175121
45132
25852
25947
153488
19697
226749
233084
109668
370463
197936
205131
202507
271092
240166
175243
197018
135250
369084
221171
12458
249901
159171
44300
89400
74119
84648
270959
50204
247203
4333
960
26259
108917
126811
373363
29909
135500
21057
50440
1476
23050
226563
276195
12813
191374
20395
19536
152828
202623
121138
338449
29773
366326
259269
83850
87990
87926
271214
366453
19794
2554
262663
240137
226747
21196
3286
29729
253694
41133
244679
26285
5672
41134
373520
121222
366447
49090
3532
15169
3070
39527
21123
39872
88975
45176
21318
370565
292730
4260
227305
109736
31789
78687
5139
247204
201123
129880
368503
292979
23051
265417
244674
193584
126025
80524
74262
39743
271210
178018
4912
189648
370660
221103
370717
43569
43711
247314
338446
197854
175239
186392
243471
39714
111057
265401
87960
19565
366292
113541
15144
193593
140168
228228
193542
228266
107322
240007
3288
190575
202467
159629
3334
83258
108858
157207
22979
247140
73988
270742
134743
370473
31802
253509
174848
220457
111258
121174
87994
184734
108918
5719
220088
51056
44492
44316
80511
239963
244773
262860
87911
23206
25836
5734
96929
87989
49089
135216
46157
50537
194273
48570
214032
46434
157878
202554
107687
142005
145979
265407
108850
202275
29778
174903
240088
174943
282542
289226
96848
129579
150975
153437
247205
151106
74287
107091
128940
249875
5142
220210
338451
370482
25493
118893
196995
146002
276474
368541
366328
265728
366310
4574
108887
23019
46014
124343
366457
260988
1941
4543
39869
35074
45367
34950
29760
1943
3440
3441
26672
2998
29853
36116
2999
159173
31796
4544
3001
3684
4043
1286
83064
35080
129554
270843
42171
121254
79214
370530
45325
46165
159145
221547
51095
184482
39644
202523
29450
198163
42059
43513
338443
74373
50296
3442
14474
4757
222910
11256
159824
247418
74204
1478
249703
270725
1751
9700
159048
190199
201843
214352
46057
159047
245219
239968
2101
370747
45214
221917
246949
45199
240315
366279
135266
4759
292942
247403
253678
25593
82960
129533
146169
129534
158120
184484
146179
158121
2682
5738
141958
73961
184602
19109
45421
370744
39494
45413
191317
184691
1914
45422
87928
42083
184542
5656
278193
153003
239980
43724
366306
208008
373597
184990
80508
39589
194202
153307
157932
3533
3443
26264
73944
2830
189890
190399
45469
48153
368944
83074
23007
74513
175104
193452
193485
193626
1610
194903
197767
5145
4220
8820
113527
107342
4605
215080
110640
271169
271170
27657
189882
4811
32917
19817
3170
218023
10699
110641
6099
373724
6073
370497
87599
87599
249979
373589
373745
159126
35553
19734
108922
116379
370491
3249
29292
5146
4484
31813
193643
4699
174872
184983
188967
188968
370498
254133
106647
249374
215099
217996
370435
44398
370427
179542
15356
89023
139431
179573
370378
265144
175035
370504
220520
373641
152968
39593
240125
157978
107278
83811
229965
12404
39718
6053
369055
87900
97225
146443
40648
201255
12356
107385
366441
247178
19673
15255
175049
194243
194092
212707
122374
373606
31738
270458
109719
370499
139427
322459
279988
370410
370421
201318
22975
158685
5829
74093
262847
276499
246954
226751
262697
247150
3616
39849
227537
4514
145803
247523
29736
373511
158296
46058
46115
213732
50171
262677
240108
153289
1978
184729
74348
74224
45970
176456
366399
189247
24626
247299
205059
373596
373674
185743
135186
3736
3492
3493
3494
24602
157424
373367
152607
368969
50236
220684
220022
27564
184485
34263
51113
194317
247335
240122
152944
233250
370358
370772
3292
240080
24649
74166
135258
15121
368496
262837
370786
247404
279855
45253
373388
188965
174888
33722
31804
152641
21163
10535
184723
201256
259212
202575
152534
234702
4338
201186
243469
23083
373552
259270
366311
4813
130720
249366
366341
111064
23017
189219
3737
201216
109727
259202
4761
19710
19839
19602
3446
184743
244720
208256
233086
108870
140343
189212
205395
139728
107337
83562
373705
39592
247368
189226
10486
111247
46094
262853
4457
34930
191580
31777
189248
15145
373562
249391
4383
41149
83087
213817
5654
247153
213759
179884
50209
373528
370741
132220
108846
370449
22284
249712
80507
74637
152830
3338
1527
2449
240209
106653
19117
84124
4816
5153
5154
21351
4817
4608
84120
21398
21336
4818
368955
107291
270314
132073
9699
2968
184623
126149
84608
34410
45424
233304
130713
34244
10505
221174
220583
4576
106652
74410
234429
366280
126289
184625
197012
221495
366431
366472
19784
5822
141998
74301
1734
73950
73941
373376
3712
3535
29855
42028
126011
87947
207902
19542
2563
29733
39594
366298
370434
152587
180361
366460
184993
43493
201138
74589
121132
235191
289230
74621
121197
50285
193476
3846
4763
134762
142009
209005
74534
124065
26743
4516
207903
45441
6107
46060
217979
5160
288936
207904
220103
152069
271139
4701
16451
3136
45423
373320
201188
140188
202448
129789
109744
205033
26757
270839
370590
23158
4458
233248
240211
230772
338469
15230
143253
368539
25668
39610
184627
159093
204985
226896
370684
253687
121126
122051
87982
289217
368479
366438
220495
96877
227290
227409
262685
247236
240024
234445
230787
292731
207905
46168
43791
157929
42065
42064
158117
2687
34833
243250
262839
209157
19842
215076
270874
194124
153297
42178
236501
159127
15809
12475
96834
366287
373373
96908
2921
107294
126809
132105
109717
39595
74068
87341
74082
202274
73996
139447
201139
89042
220019
262662
366394
2943
179598
45425
20847
83102
26627
370433
139474
3387
83104
108816
260986
1755
2807
106576
370781
221565
184630
1528
36112
3388
78966
220239
228122
198172
39578
5837
152046
153453
145812
186614
240034
11304
27154
370716
142031
39423
145981
113537
83719
179576
174816
338391
370522
271215
146162
5162
22929
194046
206358
107094
44204
48386
214072
213783
233052
89402
24558
24549
240165
12405
193513
278254
34822
222736
189654
43723
19803
42073
74298
271140
84064
74435
197771
107526
88794
213763
370682
142363
253643
107542
159056
46735
368478
191092
2844
44656
208010
229952
278070
15876
51170
83374
221507
177501
247529
202608
83109
221201
159730
44317
157922
20196
177596
11307
370674
48077
42274
253548
130380
87965
44286
228959
202471
97211
1950
121185
25674
194373
202475
45363
39888
45125
4550
170987
25486
129578
194973
26760
45123
39942
15212
15202
157933
12643
74221
174938
159229
185142
5653
221199
40193
43567
39840
94910
179487
15417
46049
121219
157937
2282
194681
180411
74314
2625
74295
20216
33695
370610
184690
129582
124758
159049
107280
3450
83803
5680
48592
3688
39722
368964
3451
245185
44294
4551
5760
46044
157934
213782
13001
159758
159759
142019
78192
74015
175105
174822
183994
23037
78688
194384
6616
208295
142356
222708
130311
139698
240029
239998
206360
89019
253508
338406
247379
290535
292951
292953
15223
197153
88959
247546
213798
373398
270796
34917
179561
118923
3141
13047
2571
184693
29980
21205
122280
1653
79230
29913
221898
370420
207884
184588
3389
159259
221101
198371
39715
229964
27662
1735
132211
241830
15389
135256
222902
221526
32210
39716
141935
153308
97228
89073
10722
262673
29714
373645
2283
193994
87914
249378
153428
193759
10682
153163
233233
87934
370560
49837
74296
370511
279857
3849
24619
233063
108830
366440
185694
48178
146035
259673
220282
370792
234428
146739
265386
46100
247237
152870
39734
370418
239995
121133
96833
174868
188976
177927
179804
188972
189647
222124
2628
129586
48600
6083
193496
191548
32222
122429
153056
370626
84127
83832
96837
107683
366398
96887
239982
201280
19141
279846
202539
279701
139665
79194
370603
366260
107583
89030
193766
279861
373605
3738
189213
29890
24573
8806
32221
108889
39432
39420
39602
373364
39839
174805
213768
121194
366234
265392
79088
193612
183418
180498
185811
201191
247206
366289
122045
107467
107272
369077
198400
194928
157980
170998
197404
3339
23082
29751
201192
197129
194947
29693
185752
234446
279708
19708
83712
5163
370401
370475
74063
193616
74173
159175
215086
25977
240073
244683
36115
194675
3297
74580
259660
3537
254113
15366
109706
139407
96843
50343
74062
152089
21370
4518
36411
240199
202427
147413
130995
152155
25910
39852
279613
369087
3538
262852
249878
240094
240152
108808
44299
9710
3019
193569
3539
201193
24572
78602
39726
1442
244761
276206
154395
207906
15220
3004
77139
139691
205381
141942
74572
153312
191361
4765
4766
132216
4767
13017
262704
122405
180348
194686
193394
193421
158113
121147
240201
373524
373729
26854
107535
34384
193656
205360
249408
289211
97100
220468
271141
214052
175057
366244
366342
368530
84590
176455
368477
48055
130695
243473
121250
5578
240161
118873
152556
5166
214064
214028
218008
213807
207907
270464
366266
242503
180467
4343
129564
271181
79222
129591
370386
247125
247122
4131
19838
74476
369048
50474
79149
271160
3453
2455
205235
215074
151090
74647
83433
8829
24679
146095
262868
226883
222001
158234
240025
1877
1879
3913
221185
207908
84716
84716
129595
26263
23061
158294
373616
5700
154409
140219
373738
180412
373628
79226
23163
25928
4768
45404
190178
209163
1530
142355
238141
78854
3252
366397
129596
189214
153426
240146
253541
49020
51086
227513
240102
205100
19632
222183
222906
201273
10714
45371
20212
20197
78684
201194
373708
79145
42249
159212
153997
89086
240057
89005
89051
83573
89079
129599
139723
44772
201407
22980
23176
220563
262875
201401
4554
2286
253520
159837
228247
33627
29719
1578
253655
190566
31831
34952
373673
157923
108900
1983
184695
159846
1991
184491
196996
184696
1998
74536
1531
194177
194256
35923
159130
3253
249410
19778
184591
79860
198176
373545
159232
2512
189897
159233
265143
179596
39884
84612
139721
262700
233058
217988
152049
220464
184716
370561
158123
370770
74618
80278
80282
139730
174806
366301
74091
19797
87897
10541
153422
152967
212248
201834
147429
208278
31808
220508
87966
44411
2460
74377
1448
73981
191090
235192
48598
130694
39437
21043
189215
78688
3852
152736
373327
139419
154401
271216
107092
270447
74002
189216
139462
76636
218070
373670
233066
226755
3078
152826
19699
227415
247361
142026
280320
233067
220041
190407
31799
15163
2926
194168
3497
44608
116723
184759
222107
39517
3594
221571
3988
34758
79217
74039
74636
2161
147370
107448
290531
270958
198171
114903
184551
370415
201146
87916
206024
366317
15224
74507
40578
124313
292734
292735
253638
220244
370638
249672
191073
217974
6138
159301
193464
23140
249397
97086
139726
191581
3717
4434
290534
39861
109764
15124
158295
234707
201128
124344
282601
368947
180605
201196
36451
81976
24566
174791
175392
176428
259277
370548
118879
8896
19654
20172
214349
74047
124482
2872
74271
184640
130500
121198
108786
3391
21281
227508
192227
193462
197765
247182
121236
3006
184592
139406
289221
370564
221109
80525
175050
188973
188966
29304
201241
3392
3540
175262
3393
184552
2575
243438
15256
29997
88977
202605
78686
153976
159132
193470
198390
338444
180347
243433
79105
220557
74016
74055
74443
74093
197118
185704
191394
370766
370700
220490
373338
50349
87335
74097
79195
77921
83461
74460
84364
81977
79198
77136
50367
74217
50311
50228
23186
236468
373538
193482
12955
212632
44263
45858
3394
184713
122070
129911
121179
82955
180587
39478
74195
76634
50342
1663
370414
179602
271189
174837
23063
23125
129511
26809
28750
27760
23097
373377
132218
26268
23079
23323
23106
184553
191356
193611
190408
197145
179430
174882
189080
35335
4387
271100
201796
3692
175033
6142
6090
6116
6041
6064
44626
73971
3079
2860
373548
201200
370542
24637
24683
24629
234713
24648
108891
234709
15194
159262
190536
2693
215091
214056
194083
84705
81968
78600
249868
240114
243233
220040
366380
4667
159764
193551
370534
78962
201201
26638
107493
292742
214380
243477
227088
83440
12382
974
15147
366361
4227
139403
152977
243434
143018
157876
370349
249382
84704
370458
194018
139498
370422
139399
145986
139497
158695
158238
152096
154346
152858
50441
74046
80530
76652
50437
74213
78695
74603
50412
74054
184641
184642
3199
201197
121207
2695
184554
121235
2696
121188
2697
130551
184644
2700
2701
146036
13099
243431
243421
4883
129574
265731
265735
243422
189642
366237
184645
130698
118907
3643
370379
175047
243423
3718
179421
159149
147398
180265
243427
143609
201148
201149
201150
201151
74086
50488
80288
370502
78594
79201
201282
10495
3693
226714
270875
177542
194708
222763
193550
189637
192214
222764
271151
136208
369064
270364
270797
213766
193632
198303
373710
279699
4769
253431
222123
177940
50201
45992
51097
45994
43491
369059
253712
244672
19836
270738
29780
29775
30549
109684
39669
29715
44320
41056
29872
373394
45134
43535
35069
2463
184556
122047
121226
184646
184647
227084
240093
3342
3343
213810
215098
194326
213787
147423
78964
75267
87596
87596
45165
197015
74065
74552
19604
19841
19606
3668
230788
373586
201319
21333
22297
21344
21335
74260
201410
201203
205867
10721
10609
198162
373599
143383
242537
5179
2222
75319
241984
31869
240005
370382
24646
74293
45383
19845
25927
368526
111055
193624
368983
21255
366469
15407
3596
194204
29782
220568
373523
152682
184772
89008
197856
147406
4670
3542
39675
366348
2466
220527
209287
180606
44307
45958
46072
222860
48579
243424
373600
72722
45370
201154
46708
108920
83099
366329
247151
35083
179555
3669
39603
4519
126285
194130
31820
370723
208252
74642
21256
193590
247540
109746
152893
5666
220240
19618
271119
180617
121220
193763
370740
260992
271194
113522
202443
184714
3222
29887
21271
136198
147437
193660
243420
31770
270850
74257
201283
26795
205315
96874
189636
202418
201267
4350
132213
83152
23322
26759
4521
25363
221892
126147
23157
126166
129536
23123
27175
23092
74584
249377
142001
107568
373731
289218
147414
154411
74394
3395
220536
205291
193426
275706
45405
25549
29770
48114
190550
73964
118918
1669
106642
177922
227072
198164
193868
129629
220131
366412
159096
87941
179633
191369
126146
218053
184649
20178
253518
185749
23233
113542
5181
27257
140183
45131
50137
218013
83651
249414
46071
129638
213761
48180
46105
290543
73567
207885
244724
151059
338450
222706
201285
201097
10614
201286
130691
221173
221179
190404
19860
271235
47791
194178
214059
45972
129631
366240
193872
29806
72862
275717
152581
154397
1770
220199
83834
6557
265391
126165
21053
153462
158125
143021
107363
10729
240012
42440
370496
31818
368474
4672
180625
185136
136195
338447
88802
6111
24565
45283
74256
220509
51102
208003
42041
4830
228241
193453
26397
83448
136033
134746
131008
126273
124507
126298
136051
126287
134741
126278
136148
136152
126279
130719
184732
247273
228263
29912
222916
193514
195628
122481
48056
190398
247179
240062
74268
8804
106658
236465
141978
4616
175006
370599
113563
230764
74490
227083
249976
189240
4488
21125
136289
152546
23053
370648
4557
1413
84533
201222
249375
205040
184593
15222
249419
226754
262693
244712
83161
240163
183014
50253
24664
25934
370374
1821
4673
194718
3998
142015
159237
121170
121131
189243
121263
121145
107696
220946
79215
370416
34480
135218
214044
29911
366352
83162
83163
4582
368981
370708
222744
1534
279901
42068
191064
373536
233062
228119
220510
212629
74184
179248
3598
73991
75247
74619
233040
368547
83893
368994
13035
175058
222189
369050
369091
369014
369076
368976
370513
74347
179547
141977
373675
370794
19733
46579
179886
369062
3502
373741
194274
213796
370385
220532
194078
205370
201287
201219
244682
50211
46154
2704
24563
4228
45231
936
222115
253510
47222
108821
220179
220106
198173
366442
278211
3346
189625
3347
193505
205108
370762
125877
4489
170978
108871
151158
141937
139420
151088
139702
153319
152699
220116
16427
159819
368519
136202
370807
189644
208040
220460
15246
29774
23004
15157
19096
26379
22973
366293
84359
147431
239994
262859
278066
207910
130996
202503
247234
249896
12363
366451
31830
88791
282602
6093
3398
249715
366284
118867
89054
108933
180415
229960
84104
370695
159821
5188
4674
151132
24555
29964
207998
184740
233302
4675
97083
370683
270800
31786
28008
373698
26849
4351
1813
122420
26363
3300
369026
5189
213802
213779
122406
106405
141818
48210
36413
227297
158598
26839
15398
44403
113539
2060
19581
3350
189921
271121
141825
271183
373727
2520
39436
39529
43721
39525
39619
42037
39441
111062
42165
39526
47218
276504
158690
282603
4583
107260
271195
4714
373658
6554
5550
6118
4980
4831
234699
249706
26275
5120
4833
83173
4834
22299
370547
21350
373565
189909
1452
183414
209403
48083
249664
3862
220485
134738
9689
366356
191359
89080
233051
215089
19818
107506
253433
4771
74255
5706
247530
74233
25491
73957
185051
6128
221187
25485
74198
143218
139483
278059
74028
262659
249885
84643
2477
108849
262849
243476
5191
259264
4463
194309
209037
51091
45965
230777
249367
5863
159407
209108
87955
233072
247143
366449
222716
76641
45411
146021
21290
174787
370508
74292
247525
50385
10585
16442
2735
159773
4888
26800
96910
145800
3503
3504
3399
122478
20375
146062
141992
152876
271222
198167
370535
12440
12427
3739
24675
195634
230616
370518
3863
152091
369007
207911
184755
249699
4523
179548
124033
271161
217995
51136
78681
78986
78976
79112
78608
46013
209717
370436
220364
45428
48925
46112
215069
49046
50176
370520
50179
213734
194275
214067
209712
29802
108828
30607
31766
109693
29697
29801
249409
185140
183022
130588
2231
79136
24598
97050
39516
1739
32243
31851
34229
45407
29870
247144
29981
205229
370484
36526
44210
370359
279607
184594
143370
139446
145990
366378
174944
188969
188970
240132
262681
201212
25854
4464
25949
184699
202653
194052
88956
1717
253569
15390
152080
207876
207912
139451
153474
48930
122268
42039
259679
205274
129658
193628
26412
373694
188962
370760
240159
373650
373581
275261
213816
21373
204994
159265
19693
116742
88972
22027
151095
239978
3401
1169
213754
46082
270868
46116
209039
45974
49839
152934
270367
79857
80521
247175
50512
74467
78679
1772
226724
245292
244744
201213
226879
247175
222114
87975
373564
370689
23016
25914
259263
23049
111079
240045
153001
15173
139456
151099
88815
6577
366242
19544
370705
136206
84639
43502
46090
73574
12394
46041
48126
48584
197403
29784
373719
366275
236471
271184
150986
194933
193472
185699
369093
270366
290526
253626
292738
373336
4490
3505
179434
23147
45834
171001
157286
158899
159066
271144
29805
130547
209115
5196
113512
2479
13166
21054
6634
83188
6615
6620
39710
368973
19695
140239
39732
197857
97091
205420
153448
4233
247207
193647
271178
83913
83726
179580
50431
247362
142035
4776
29987
373559
373498
373510
186616
270362
145988
139494
89012
192219
88784
74211
373733
202624
22935
192224
6599
205075
29968
366246
214036
150977
259670
4465
152571
6595
370662
6586
3696
107389
215101
270371
45993
74594
233082
74645
213795
338389
193583
6127
366432
220965
25476
121266
121144
271185
74196
45382
142007
201144
247235
48605
373693
259295
83737
192210
271153
220045
247411
221104
220072
370429
153099
141975
146582
368996
74655
109711
373611
189253
4836
4889
185737
159414
83192
185696
178138
22293
50261
184774
234855
152991
129663
121232
184652
184505
184653
184654
2644
108833
373399
221110
73960
4558
45351
184657
184701
159188
159193
153463
82943
184658
96938
184659
146007
209128
87902
366259
78984
32238
106646
4890
136210
206331
78975
50319
50308
75403
247363
96893
247284
96844
202436
96974
29889
50189
74237
153473
118902
175252
151151
197028
193610
146735
19666
108863
202498
194213
189232
194281
74027
253624
50266
29835
194210
146022
79119
205110
129668
243439
2580
220523
153310
189873
12580
253567
201215
212251
370348
4837
10713
121264
20788
16453
5705
145814
179878
152059
175021
32213
35054
370464
29750
32240
29962
29753
45465
107549
31832
240103
193607
30654
157210
74109
74620
74669
247171
74542
42057
29925
205922
194907
213781
4584
15446
4147
39596
82967
193621
111083
5575
110533
244251
26815
25956
370516
27669
1773
271190
238327
194056
265405
198361
202489
370440
193431
2481
179518
233085
74455
159309
29799
96897
31805
96853
48054
106427
373592
124472
198174
220251
220068
190426
202458
220099
184708
3113
31792
205017
35073
34932
368546
159268
34948
37113
34890
34934
370650
31814
118868
373569
159097
373657
121146
271386
209116
26280
210134
209160
213724
209124
209125
23022
209126
184563
213743
3263
22379
210135
209129
1042
279990
214060
26372
214384
121127
214038
73962
3599
214375
19113
207891
214386
209127
22029
213804
23036
220589
26477
23040
121142
121160
218086
214074
3600
159098
88969
31790
221561
4149
29690
29689
270872
147381
4353
370765
23107
130526
79256
19552
108925
4677
116396
24612
3870
5133
370649
36432
230079
1536
129678
15180
24610
213785
3871
116748
23021
208261
19579
5200
338396
213752
44323
4313
73562
266210
110510
21116
194061
201835
42017
26661
6617
206329
215092
97104
107286
243437
370423
107099
159241
373716
276197
373384
369006
218043
19562
30658
32231
29787
29816
126014
5664
23064
122323
11453
159153
270792
206348
174968
262866
6565
370745
152595
373643
265150
152718
220073
249371
97097
209130
373614
5823
218037
1044
213814
268530
110508
249677
271175
42272
153431
366416
45453
45312
241832
42437
253670
4082
89083
175106
205869
154402
22944
47587
253719
205111
205231
221111
369001
370405
373617
74018
373635
107598
205112
46705
221915
26428
2178
113559
31825
48167
214047
128944
49035
113575
31611
197154
35575
175012
129685
146761
158745
227504
140214
373556
373505
3304
74124
207871
126148
270459
338388
45861
26758
2581
74333
3740
23113
279859
24663
6131
2582
189221
23201
249983
368946
3458
153007
25499
174869
249405
197763
27188
19822
136153
1588
27634
74294
207913
4894
47799
189254
46559
207874
24582
213755
111051
74657
139469
152086
3673
288764
210557
26348
3674
26416
23110
222739
97200
29781
5205
6134
159312
21396
128949
3547
12691
12368
12364
202438
244669
79237
11464
107570
153104
193454
222921
130997
373672
1589
4355
191056
3697
23148
201325
240188
3459
201221
6558
22994
3648
25855
25950
107543
253596
369085
220542
97074
189230
290525
253585
253591
107438
253532
175253
234441
185810
73569
201310
19782
20848
19543
136145
19539
19648
192222
222117
23062
19586
201223
4914
174823
5703
247399
20412
3510
3024
201224
107273
22890
83973
21311
21307
370570
4679
151631
262699
13805
130339
12381
44337
43582
5207
201882
227417
338404
9720
3305
142037
88787
15164
205362
25937
46143
194323
218022
6638
213815
209725
153442
26756
189891
72999
247412
222707
83418
179422
366315
230768
159408
214374
373570
368551
24617
34247
253715
25687
6108
159050
180493
222111
126818
8803
184725
74267
12999
3937
27158
126018
147373
14473
370805
193654
247339
74604
205082
262701
15123
158902
239960
193582
369033
10576
4839
4151
29945
270779
29804
15362
141930
157291
96855
3307
240096
147530
5826
373644
373508
370493
24559
201309
13088
368532
122282
19538
4585
373601
196998
106504
177924
189650
174959
279987
159634
190576
174957
152643
147393
24653
24571
74250
238138
202643
240015
175257
130717
45346
39566
370468
126816
370365
370350
159314
236469
2584
121136
122116
121210
121184
121215
121239
145802
220648
368998
239987
177600
366362
39848
39887
23150
39733
39727
39914
122325
25812
43578
290530
19802
19670
19566
19810
209118
25839
201225
83022
197405
78586
146094
159822
151068
270351
249687
46083
19719
238570
4559
202490
129715
3550
202586
22011
5648
175024
74324
39736
205327
15237
4527
84478
184571
201226
185712
122431
74199
74122
50262
121270
121176
121237
87945
44333
8827
44271
2976
83151
23122
89026
75367
370693
6136
129733
4720
4721
135252
6055
4723
22889
205371
159412
368986
213774
240058
184596
39640
233064
237011
29842
205047
205344
141972
4316
236464
25459
3213
184758
265396
369075
366462
366424
201227
23095
22949
236477
198378
366235
189624
83236
370764
205354
249705
40601
142003
221893
222737
220130
87600
87600
265394
369025
50430
136285
19869
19622
19864
244726
48174
366245
209282
220241
213746
21388
46118
147389
46138
194678
2978
370559
73942
19862
212717
87937
3407
23205
6129
45347
179488
174828
80254
4896
4392
19738
241859
83745
338408
153963
146077
147394
113540
83985
118914
152871
45269
190188
180601
366406
19796
74509
265159
74544
247176
74210
74092
370536
130320
205491
179254
174900
3026
23165
130327
22962
132101
26271
50408
75381
262864
21184
370485
87346
144282
3266
19668
3359
5815
9722
370392
84054
110637
214062
116741
209161
97190
179623
157973
366421
23010
19669
19671
19672
19799
21773
19564
209162
31793
205339
369088
87595
87595
373340
373728
373737
1774
29966
25971
106643
368952
221577
89113
3552
270861
4560
51141
366410
369005
96904
239984
6117
3742
74541
83272
130818
19816
153278
157979
202615
183025
23067
139674
202459
1822
1776
110524
129718
185828
174987
202416
202441
370629
46093
373692
6054
220588
370572
116745
130504
369092
5698
368504
366409
24636
212710
130374
262694
186328
46509
368513
227077
136161
74488
370584
213751
106650
147435
207863
240035
39445
221211
39455
184738
87907
4684
209281
245207
122387
198382
29712
370651
118924
201404
180455
142067
77922
152078
142052
236500
178113
184769
47786
195629
194938
129719
3361
221566
26362
184660
159219
2958
370617
21297
373653
240020
3462
195631
159845
222771
3215
89398
373718
118917
202454
182306
174838
175111
129722
157872
146165
13046
153101
26628
14538
130347
19835
78965
197844
74471
121261
4916
247385
247386
83880
265382
221219
34891
233254
159067
253656
87909
180607
106638
2930
116383
370724
152539
78683
233038
2791
370813
249681
139426
145970
373697
213748
366285
159245
240078
370620
202546
194970
122442
4237
190169
83364
39731
23105
197006
370602
204989
259706
288762
3029
4158
125873
5707
222743
213780
265714
4685
80256
373515
373574
29985
32244
129693
236482
21161
253576
88995
179594
126408
366307
108864
4467
108797
370746
370655
126333
136137
39656
44282
5220
366478
368489
292957
159246
31822
11494
88823
3362
122375
140200
202581
83410
174881
270733
244664
247341
180505
3311
3554
1544
158297
122069
214382
205372
193399
78975
184702
24556
6030
159103
35067
39879
42078
5222
31823
50318
2814
278072
214042
5743
3649
81978
88812
74088
87339
220587
74361
152659
74099
373637
373702
81987
78853
370825
23084
243478
12423
5562
126201
124445
25924
23160
74436
177517
45350
4848
74332
175390
151147
22978
45841
197877
338395
217994
242525
3650
96954
21353
20363
259272
24595
201294
10624
201295
10627
10618
10489
201297
10617
201298
184721
184665
154010
3514
118908
370704
87932
193751
240033
174956
262682
247165
152590
159688
174958
213773
73598
373573
19692
5651
41280
270727
80510
271230
96863
142027
22320
22338
292718
107313
24655
25925
2534
243425
194378
36036
5103
49056
240155
234848
262876
266132
139682
141853
205415
19728
242509
74545
39860
10630
121183
12428
124474
107347
366274
97078
107441
366343
107565
247196
368968
108935
125879
179574
159765
201229
369068
50442
83746
2304
205868
73934
222913
230780
366458
366350
373393
96940
373413
145809
4239
175119
4240
370363
193415
5226
184666
179428
366434
204958
220151
42055
5851
44306
220493
157931
157936
220466
42082
243465
130314
159055
43590
368488
262667
230794
212249
197758
26656
118878
27261
23080
39754
23096
136160
19588
3312
118898
88797
236485
74577
176436
271186
97109
192211
284485
96835
130998
179569
194103
88793
48046
243436
132102
129513
366338
369083
289212
253555
370356
96838
30563
5228
22892
4727
21372
4789
21106
15781
21379
135182
21360
21362
4791
5230
4686
5231
174953
193591
220153
29713
218010
230065
201187
366366
366281
97073
249404
220062
129803
23068
22025
153995
23149
15786
150999
247353
116385
21283
46069
46091
189222
46113
270851
253586
111283
157428
31833
370643
136146
207915
5233
130329
51055
205345
253607
270373
253693
74270
369067
366257
96932
205398
43714
147376
157211
227676
191547
190163
39729
209010
39492
45228
19626
184705
2713
79177
79140
74133
74398
51629
3091
202569
3115
202522
16436
3060
184668
3062
3182
373529
46025
236907
205484
109723
5235
4899
4900
21187
4918
4902
4903
108856
4905
6031
45973
244768
275711
237013
373385
147399
5745
21134
197020
44207
153989
141936
124505
74170
50301
73995
80414
80410
80413
80417
80415
3031
3877
78989
24611
106644
79253
240179
29731
9846
222178
4588
142054
205351
193615
189218
240150
31865
197036
34942
205373
370587
193499
97231
193575
107440
270357
126213
202557
13018
180600
140165
234700
29854
366422
25935
191053
39476
130341
23225
253549
83748
193535
259016
174916
373732
369015
159224
118871
240038
3516
26663
220372
207916
31800
180611
179551
25805
373554
217992
370380
96865
130659
191098
185709
185751
198169
253594
270446
254108
175107
189079
175242
146445
5237
6092
21181
4792
247521
9842
368972
6143
5241
109689
21179
21198
249702
209404
46103
24592
118913
129901
214069
73928
159315
50529
5243
230068
39725
5849
208041
217990
205123
129743
111073
201124
222859
189233
233053
7167
213801
366236
197937
132221
5236
151169
3315
130999
28009
4395
247336
157880
21309
249388
39655
15418
39720
5246
126022
108855
45427
265381
227301
74493
184521
24654
107263
193537
370605
370441
370503
202473
29877
143016
153032
116386
111220
174863
24625
247291
39835
208279
121273
247333
152847
139710
107303
370461
108908
15170
29979
24672
78679
39676
151120
25752
29839
135184
221215
107301
122046
193525
21359
244825
74407
201881
26783
74343
45174
201231
4849
130385
4398
107692
45196
373591
132111
265413
221567
6526
121240
338393
136151
135235
206351
25929
205036
222731
175009
370597
49078
368992
153126
171012
35082
4400
240069
5661
243428
153049
153037
338403
19561
4730
152704
370402
152917
370483
370450
220652
220631
175396
42265
107527
193567
10508
279856
205056
26377
184655
118915
122469
74246
265398
198383
370515
370777
220160
89041
89105
373687
928
29983
159324
190397
239975
142358
152652
153166
83282
184581
130675
15834
184672
220277
262660
373679
118894
222633
226716
107300
22972
25913
106637
23005
278198
24583
262671
25869
96927
4441
10613
151124
139424
270967
370428
106575
370589
4528
184673
121253
3094
262676
230783
226876
19689
25645
21298
22033
109671
136056
5249
22880
78691
193598
279711
373391
153477
246950
259725
113611
3466
159119
23126
122416
197864
51075
201301
244663
373379
201232
284489
48177
212631
153155
89070
366429
139667
22928
209153
25615
22961
175122
209008
368949
253554
44328
370720
205334
45209
152533
39862
3626
3365
108883
141828
122118
198370
180465
198310
259267
121224
197007
184744
217981
153420
220157
1890
106656
146754
83292
154348
45126
45190
3217
147377
140172
135215
373624
4529
159035
366282
249399
35062
20217
51125
209052
39924
32216
247354
42026
124044
366387
366243
49021
220538
370752
247390
29291
73974
3317
369098
46079
180457
193451
75302
74597
74095
157395
6524
6522
6525
221498
6521
6545
74412
4908
179537
153430
253701
3704
26646
3705
194672
121262
240203
205485
50203
46171
214041
222862
135231
43547
3366
10569
10733
175101
26615
370467
236995
370404
136139
4013
19545
87930
142030
153282
142013
157884
39890
220453
270353
74458
113616
3268
244667
3368
3729
3369
23229
111085
25561
4631
3468
46004
46003
49436
205483
73582
46002
46008
75285
3746
2308
180482
202568
6507
84141
5252
39929
370606
247365
253649
39659
270451
3518
12345
32205
186321
87905
29982
170971
227090
289223
15769
9840
202590
201234
369011
83546
197973
5253
4732
6068
4733
6058
4734
4735
270445
370352
184527
370500
370486
373535
373735
31835
159156
74288
201204
338445
78693
201168
116737
184528
220558
1932
19537
50177
121173
159275
23135
109703
77920
129764
370451
221517
153301
147409
214039
6164
45448
159196
370820
180341
209120
209144
25618
23136
271162
143015
151634
130630
12369
82980
31817
31803
193455
31774
39528
177601
83576
140232
50438
262692
244709
221190
230625
222016
373342
249685
271173
12625
369020
39853
19823
180595
24658
265371
36525
271187
265155
197261
159200
366437
136282
1868
194332
214050
243479
159318
184739
157411
43606
370399
370452
218077
4321
84502
253700
23060
209155
25617
23093
83611
271163
97208
12647
27659
83301
22977
5256
370736
194012
370375
175015
142362
107408
130814
83679
151096
139690
2242
240048
124478
180458
249694
158118
159775
122370
19560
2931
96960
184678
213758
3605
205014
29695
373630
5838
46691
48052
368970
116736
205870
78691
73985
78694
4501
22991
4502
108907
4503
89110
370539
74447
78686
136516
174999
2656
201238
97218
279989
180423
270858
87342
18287
373541
222186
249668
218082
205333
89004
201157
74431
45124
198175
253429
265400
174924
262665
39741
253608
366355
6494
170956
233081
42038
74234
19877
201270
3033
4738
12355
83303
253615
10573
370692
10571
12975
35068
213764
194917
107362
87946
6159
43577
22288
152140
74627
373512
271113
34788
36037
135232
213753
366359
84665
247421
139495
23128
9723
25589
39721
5681
43501
31736
228242
23039
24546
108841
233073
121195
289220
209121
25840
373685
42170
30764
21278
209040
247519
206719
373531
373551
6496
373416
46117
89107
253641
369072
24547
24584
129610
373395
21114
88804
240064
370476
23321
23048
271143
201240
192229
201579
194940
26805
129604
206361
26370
178140
169971
145807
30548
368549
197034
153436
270453
373540
220472
202551
108851
373665
220634
276194
50191
369046
126306
4531
3416
73976
14690
12968
261321
194908
97212
244727
222105
222108
240154
180447
193416
157399
130342
230786
108805
244684
240171
41166
176452
370702
190582
205410
366271
88951
108791
373666
4242
244734
221222
107451
220389
16456
44405
4740
152937
5780
113579
15357
214378
366415
25975
26717
23038
3628
3319
23018
23035
23020
4473
220559
1695
189645
88979
121150
3817
3064
9731
108806
130616
84434
270372
107276
78855
201243
180344
193552
185144
184984
373390
159397
106628
190563
202276
192232
6084
226748
368481
368534
275151
368537
370709
220578
118900
45328
373547
3372
184720
159742
368977
253521
201566
279992
370749
217984
5688
183063
179592
175147
194074
130325
222861
46557
208257
370550
205338
254121
183010
180619
213750
130834
185141
247288
259676
126806
175004
338448
2934
370390
78979
197002
193443
208288
45862
153153
220170
262691
193556
19625
39579
373326
125866
193480
110638
270450
370494
210558
83320
47936
96860
107477
159820
109765
370361
189923
202583
24645
84622
247534
139669
190194
44327
278257
146016
122071
109759
12948
111069
12419
87974
369070
22930
12424
5739
265379
130531
130387
83323
5565
366264
175097
83605
179245
191072
27265
5590
3747
23151
214030
207918
107321
107293
26845
3520
36035
140227
74319
45150
222923
222903
21098
222112
262688
222915
80520
89002
19735
82001
201845
83559
24652
24656
233047
15190
214390
213772
271146
46114
50188
73583
129792
46547
207919
244677
175144
205232
113615
184764
111082
21397
236487
233079
128941
179535
368548
270346
366267
366371
94911
22993
4504
159202
1898
26296
26855
22976
16432
1903
23159
247146
15132
5635
5673
15131
368951
240173
159029
21265
243215
121129
270997
189250
111076
108811
125882
265412
270359
244719
126303
26368
21328
5262
48141
10483
4591
23203
243474
153444
370814
262850
369045
218002
247366
240204
87948
189181
373518
5679
373655
48125
270846
194320
218038
209034
270806
45455
247391
3631
157405
262836
111226
271188
370519
97092
198375
260987
1466
39552
5264
12380
159248
135274
48184
373319
202277
4021
1640
3320
189251
270829
4855
19583
2312
1595
5267
190182
271370
370690
15120
4367
21147
44324
2250
8871
184598
2659
201120
39495
6052
368516
2852
2598
1467
5268
3521
189874
220566
2820
121225
2433
5269
46616
45368
370697
202652
5270
1469
220189
2821
204983
24609
2197
15797
129773
142012
84561
21279
180279
152672
201179
50345
240051
140177
110503
43614
2864
259697
202465
275698
45130
280224
44296
370815
366272
19837
241995
44274
3558
191368
370357
139450
5271
5272
370479
16458
87971
153967
366417
4634
106648
151630
220551
202415
370809
1764
254109
19557
189241
26851
152656
3373
373534
174955
74518
23211
253539
29910
27266
126283
83311
12430
12370
12438
42156
292741
152741
10557
10583
201305
206117
201306
10517
201307
153011
178096
6034
276416
139400
158109
29785
262698
45326
141957
83421
3155
41024
45122
29961
1781
126178
24603
97075
202449
6057
109683
27671
27670
271165
29734
218045
243426
121216
270859
50432
154410
220575
366239
184679
202577
270784
96934
373526
15198
8826
3423
221639
19605
179489
21376
201826
249401
221918
4856
227419
121191
153476
108813
193414
135436
240098
189252
83411
4325
25484
2983
201321
201244
243432
147439
13038
369037
184680
247147
146090
5850
370810
3560
270835
170982
24585
97057
175014
233037
42058
239979
179603
207920
151633
373563
152669
8834
35299
39828
43537
158110
43794
201830
159322
19776
145974
151143
5836
108794
107090
370806
244738
205411
152068
8907
205314
139716
88971
46074
89049
153985
88993
88946
366265
184778
253426
189162
276501
240090
152728
4027
247293
202555
159038
4921
370665
43596
370406
145816
29772
220654
369027
158599
21374
83747
83908
184682
121230
184539
249368
73972
6156
74241
191376
35056
175401
253575
34811
34927
25974
34939
34809
34954
113583
201271
140226
147379
366446
140194
158129
26689
247542
10485
201308
10600
10615
201254
10612
10529
201262
207875
48599
140229
159766
43564
189885
253728
370619
202563
201164
201208
13831
184765
159109
23161
220560
247524
130515
2604
12656
23174
12429
205221
84579
159844
10537
10577
10542
249680
265840
240157
130702
373572
175078
74526
107093
370574
202548
370600
201145
262872
129790
10516
10559
84712
74510
366454
22992
289229
366249
108898
6043
240082
142028
84122
3561
236499
189620
5825
3958
88962
190167
24630
243430
3732
3525
201312
10520
10727
10686
10525
10711
369019
373339
366252
3475
10534
201313
10540
10598
83237
10636
10586
10582
10564
10506
10608
10594
193543
29732
26801
42270
29735
43515
74290
276299
202440
3322
121154
185138
4475
34819
29984
80274
3526
198166
10610
121162
2547
184683